0 1 0.140056
0 2 0.094510
0 3 0.385486
0 4 0.137419
0 5 2.554158
0 6 0.219463
0 7 0.796982
0 8 29.544617
0 9 6.855102
0 10 12.657833
0 11 1.712685
0 12 1.018148
0 13 0.152343
0 14 0.407672
0 15 6.994498
0 16 0.385949
0 17 0.143678
0 18 0.102579
0 19 0.872714
0 20 0.068071
0 21 0.102834
0 22 0.655441
0 23 1.476066
0 24 0.374542
1 0 7.140002
1 2 0.673294
1 3 2.755981
1 4 0.979111
1 5 18.202110
1 6 1.566964
1 7 5.683478
1 8 210.670268
1 9 48.943821
1 10 90.178519
1 11 12.234887
1 12 7.269583
1 13 1.091569
1 14 2.906680
1 15 49.718870
1 16 2.752201
1 17 1.024327
1 18 0.731098
1 19 6.229802
1 20 0.485063
1 21 0.733331
1 22 4.679848
1 23 10.542917
1 24 2.670430
2 0 10.580845
2 1 1.485236
2 3 4.093255
2 4 1.454402
2 5 27.034452
2 6 2.322100
2 7 8.441331
2 8 312.895893
2 9 72.693555
2 10 133.936462
2 11 18.161108
2 12 10.772870
2 13 1.621263
2 14 4.317114
2 15 73.843825
2 16 4.086379
2 17 1.521370
2 18 1.085852
2 19 9.252778
2 20 0.720434
2 21 1.089183
2 22 6.935116
2 23 15.658839
2 24 3.964965
3 0 2.594130
3 1 0.362847
3 2 0.244304
3 4 0.355234
3 5 6.604628
3 6 0.569316
3 7 2.062246
3 8 76.441553
3 9 17.759204
3 10 32.721224
3 11 4.439491
3 12 2.641212
3 13 0.396072
3 14 1.054688
3 15 18.040545
3 16 0.999093
3 17 0.371676
3 18 0.265278
3 19 2.260475
3 20 0.176005
3 21 0.266089
3 22 1.700299
3 23 3.825474
3 24 0.969408
4 0 7.277020
4 1 1.021335
4 2 0.687568
4 3 2.815046
4 5 18.588509
4 6 1.596936
4 7 5.804231
4 8 215.150232
4 9 49.987108
4 10 92.090440
4 11 12.492211
4 12 7.409361
4 13 1.115090
4 14 2.968574
4 15 50.767481
4 16 2.809397
4 17 1.046116
4 18 0.746562
4 19 6.362552
4 20 0.495336
4 21 0.748916
4 22 4.770281
4 23 10.768672
4 24 2.725925
5 0 0.391518
5 1 0.054939
5 2 0.036990
5 3 0.151409
5 4 0.053797
5 6 0.085924
5 7 0.312243
5 8 11.573963
5 9 2.688920
5 10 4.954289
5 11 0.671932
5 12 0.398624
5 13 0.059970
5 14 0.159689
5 15 2.731473
5 16 0.151121
5 17 0.056275
5 18 0.040165
5 19 0.342258
5 20 0.026649
5 21 0.040289
5 22 0.256617
5 23 0.579217
5 24 0.146631
6 0 4.556586
6 1 0.638177
6 2 0.430645
6 3 1.756495
6 4 0.626199
6 5 11.638235
6 7 3.631518
6 8 134.622679
6 9 31.235876
6 10 57.676537
6 11 7.804001
6 12 4.639283
6 13 0.694166
6 14 1.857596
6 15 31.871053
6 16 1.759449
6 17 0.654682
6 18 0.467410
6 19 3.976599
6 20 0.310171
6 21 0.468152
6 22 2.986576
6 23 6.725828
6 24 1.707446
7 0 1.254734
7 1 0.175949
7 2 0.118465
7 3 0.484908
7 4 0.172288
7 5 3.202630
7 6 0.275367
7 8 37.067131
7 9 8.611608
7 10 15.866768
7 11 2.152345
7 12 1.277505
7 13 0.192061
7 14 0.511426
7 15 8.747923
7 16 0.484123
7 17 0.180229
7 18 0.128635
7 19 1.096127
7 20 0.085346
7 21 0.129029
7 22 0.822404
7 23 1.855017
7 24 0.469739
8 0 0.033847
8 1 0.004747
8 2 0.003196
8 3 0.013082
8 4 0.004648
8 5 0.086401
8 6 0.007428
8 7 0.026978
8 9 0.232325
8 10 0.428055
8 11 0.058067
8 12 0.034461
8 13 0.005181
8 14 0.013797
8 15 0.236002
8 16 0.013057
8 17 0.004862
8 18 0.003470
8 19 0.029571
8 20 0.002302
8 21 0.003481
8 22 0.022185
8 23 0.050045
8 24 0.012669
9 0 0.145877
9 1 0.020432
9 2 0.013756
9 3 0.056309
9 4 0.020005
9 5 0.371897
9 6 0.032014
9 7 0.116122
9 8 4.304321
9 10 1.842494
9 11 0.250099
9 12 0.148524
9 13 0.022303
9 14 0.059388
9 15 1.015836
9 16 0.056200
9 17 0.020929
9 18 0.014937
9 19 0.127285
9 20 0.009911
9 21 0.014983
9 22 0.095614
9 23 0.215409
9 24 0.054530
10 0 0.079002
10 1 0.011089
10 2 0.007466
10 3 0.030561
10 4 0.010859
10 5 0.201845
10 6 0.017338
10 7 0.063025
10 8 2.336149
10 9 0.542743
10 11 0.135554
10 12 0.080436
10 13 0.012105
10 14 0.032233
10 15 0.551335
10 16 0.030525
10 17 0.011359
10 18 0.008107
10 19 0.069083
10 20 0.005379
10 21 0.008132
10 22 0.051781
10 23 0.116912
10 24 0.029618
11 0 0.583878
11 1 0.081733
11 2 0.055063
11 3 0.225251
11 4 0.080050
11 5 1.488246
11 6 0.128139
11 7 0.464609
11 8 17.221371
11 9 3.998422
11 10 7.377123
11 12 0.594475
11 13 0.089094
11 14 0.237510
11 15 4.068421
11 16 0.225359
11 17 0.083732
11 18 0.059812
11 19 0.509104
11 20 0.039656
11 21 0.059948
11 22 0.382698
11 23 0.861825
11 24 0.218698
12 0 0.982175
12 1 0.137559
12 2 0.092826
12 3 0.378614
12 4 0.134964
12 5 2.508630
12 6 0.215551
12 7 0.782776
12 8 29.017982
12 9 6.732911
12 10 12.432209
12 11 1.682157
12 13 0.149628
12 14 0.400406
12 15 6.869821
12 16 0.378960
12 17 0.141117
12 18 0.100750
12 19 0.857158
12 20 0.066858
12 21 0.101001
12 22 0.643758
12 23 1.449755
12 24 0.367760
13 0 6.564121
13 1 0.916113
13 2 0.616803
13 3 2.524794
13 4 0.896789
13 5 16.674977
13 6 1.440578
13 7 5.206670
13 8 192.996209
13 9 44.838013
13 10 82.612397
13 11 11.224043
13 12 6.683250
13 14 2.662900
13 15 45.549615
13 16 2.521102
13 17 0.938418
13 18 0.669758
13 19 5.707291
13 20 0.444367
13 21 0.671822
13 22 4.302392
13 23 9.658634
13 24 2.446199
14 0 2.452950
14 1 0.344035
14 2 0.231636
14 3 0.948148
14 4 0.336862
14 5 6.262163
14 6 0.538330
14 7 1.955318
14 8 72.478040
14 9 16.838404
14 10 31.024486
14 11 4.210356
14 12 2.497467
14 13 0.375531
14 15 17.104984
14 16 0.945390
14 17 0.352405
14 18 0.251522
14 19 2.143280
14 20 0.166879
14 21 0.252295
14 22 1.607764
14 23 3.627159
14 24 0.917301
15 0 0.142970
15 1 0.020113
15 2 0.013542
15 3 0.055431
15 4 0.019698
15 5 0.366103
15 6 0.031376
15 7 0.114313
15 8 4.237251
15 9 0.984411
15 10 1.813778
15 11 0.245796
15 12 0.145564
15 13 0.021954
15 14 0.058462
15 16 0.055306
15 17 0.020603
15 18 0.014705
15 19 0.125303
15 20 0.009756
15 21 0.014751
15 22 0.093708
15 23 0.212056
15 24 0.053662
16 0 2.591013
16 1 0.363346
16 2 0.244715
16 3 1.000908
16 4 0.355948
16 5 6.617227
16 6 0.568360
16 7 2.065591
16 8 76.588295
16 9 17.793634
16 10 32.759834
16 11 4.437370
16 12 2.638799
16 13 0.396652
16 14 1.057764
16 15 18.081146
16 17 0.372501
16 18 0.265343
16 19 2.264058
16 20 0.176306
16 21 0.266524
16 22 1.699989
16 23 3.830824
16 24 0.970289
17 0 6.960003
17 1 0.976251
17 2 0.657302
17 3 2.690513
17 4 0.955917
17 5 17.769813
17 6 1.527459
17 7 5.548503
17 8 205.667129
17 9 47.781431
17 10 88.036647
17 11 11.942835
17 12 7.086317
17 13 1.065623
17 14 2.837645
17 15 48.537328
17 16 2.684557
17 18 0.713732
17 19 6.081853
17 20 0.473543
17 21 0.715920
17 22 4.561870
17 23 10.292578
17 24 2.604795
18 0 9.748590
18 1 1.367807
18 2 0.920936
18 3 3.769629
18 4 1.339473
18 5 24.897017
18 6 2.139451
18 7 7.773924
18 8 288.157162
18 9 66.946106
18 10 123.346824
18 11 16.719176
18 12 9.925519
18 13 1.493076
18 14 3.975794
18 15 68.005573
18 16 3.768713
18 17 1.401086
18 19 8.521211
18 20 0.663474
18 21 1.003064
18 22 6.389634
18 23 14.420767
18 24 3.656738
19 0 1.145851
19 1 0.160519
19 2 0.108076
19 3 0.442385
19 4 0.157170
19 5 2.921769
19 6 0.251471
19 7 0.912303
19 8 33.816465
19 9 7.856395
19 10 14.475261
19 11 1.964236
19 12 1.166646
19 13 0.175214
19 14 0.466575
19 15 7.980628
19 16 0.441685
19 17 0.164427
19 18 0.117354
19 20 0.077861
19 21 0.117713
19 22 0.751037
19 23 1.692337
19 24 0.428562
20 0 14.690565
20 1 2.061586
20 2 1.388052
20 3 5.681652
20 4 2.018881
20 5 37.525233
20 6 3.224028
20 7 11.717008
20 8 434.315841
20 9 100.902370
20 10 185.910950
20 11 25.216682
20 12 14.957176
20 13 2.250394
20 14 5.992378
20 15 102.499186
20 16 5.671952
20 17 2.111787
20 18 1.507218
20 19 12.843335
20 21 1.511840
20 22 9.628799
20 23 21.735296
20 24 5.503430
21 0 9.724400
21 1 1.363645
21 2 0.918116
21 3 3.758168
21 4 1.335291
21 5 24.820814
21 6 2.136060
21 7 7.750182
21 8 287.276144
21 9 66.741883
21 10 122.969211
21 11 16.681146
21 12 9.900845
21 13 1.488511
21 14 3.963609
21 15 67.792343
21 16 3.752009
21 17 1.396835
21 18 0.996947
21 19 8.495219
21 20 0.661445
21 22 6.370739
21 23 14.376765
21 24 3.640528
22 0 1.525691
22 1 0.213682
22 2 0.144194
22 3 0.588132
22 4 0.209640
22 5 3.896857
22 6 0.334832
22 7 1.215948
22 8 45.075959
22 9 10.458767
22 10 19.311943
22 11 2.613028
22 12 1.553380
22 13 0.232429
22 14 0.621982
22 15 10.671443
22 16 0.588239
22 17 0.219217
22 18 0.156503
22 19 1.331492
22 20 0.103855
22 21 0.156968
22 23 2.252019
22 24 0.570853
23 0 0.677477
23 1 0.094850
23 2 0.063862
23 3 0.261406
23 4 0.092863
23 5 1.726467
23 6 0.148681
23 7 0.539079
23 8 19.982092
23 9 4.642331
23 10 8.553411
23 11 1.160328
23 12 0.689772
23 13 0.103534
23 14 0.275698
23 15 4.715729
23 16 0.261040
23 17 0.097159
23 18 0.069344
23 19 0.590899
23 20 0.046008
23 21 0.069557
23 22 0.444046
23 24 0.253285
24 0 2.669926
24 1 0.374472
24 2 0.252209
24 3 1.031557
24 4 0.366864
24 5 6.819855
24 6 0.585670
24 7 2.128841
24 8 78.933527
24 9 18.338491
24 10 33.762993
24 11 4.572515
24 12 2.719166
24 13 0.408798
24 14 1.090154
24 15 18.635032
24 16 1.030621
24 17 0.383924
24 18 0.273468
24 19 2.333387
24 20 0.181705
24 21 0.274685
24 22 1.751764
24 23 3.948129
